11144226
15132551
11145978
11430630
17235351
3885070
20459855
21628356
20864662
21990221
21227124
21658076
20459830
21793275
20405504
20574451
21025201
20537029
20405886
20970720
20405587
21125771
21404502
23191319
20459191
20509445
20405693
20450735
20459149
11700271
20459838
20459998
23171016
24003284
11700426
20799731
21558299
20405721
24212708
20524154
24046345
20405561
20405988
20930510
21186479
21033328
54864268
20459252
11700334
20412733
20459839
20412745
20816389
20796351
20451008
20593357
20913851
20799722
20459202
20459222
20459961
24349306
20591706
21815267
21792306
23479847
21027485
20459854
20459852
21026536
20972267
22731065
21294062
21742293
21877169
8230-35420
14534413
14693326
9012-53021
14696740
14560211
14559054
983509
8230-28370
14709332
8230-22380
14529769
14589136
14589143
14502645
14589138
14625659
16688307
14576774
14503256
14612048
14881237
14725906
14625688
14506431
7118-30480
14716437
14716436
14550162
14541571
7118-30460
14520987
14522680
14522681
8230-35590
17433895
14680759
14680760
14511215
14560206
14560207
14560214
14588459
14559058
14669821
14727026
14550165
14880984
9612-13050
14515349
14515557
9612-09540
14550166
14517941
9612-11050
14548291
14595127
14680770
14680764
14680774
14679918
14596529
14596536
8230-36840
8230-22020
14532260
14750655
1171-00181
1171-00171
11145206
11144991
69779
12742701
12749827
66622
69781
52338
78685
87022
12744293
54934
12739541
78343
12732681
58978
78684
12747900
79008
12727728
11445418
17258321
17258319
17258322
11195648
17262261
17262260
22225554
23166782
23690616
23172347
20919484
21862164
270950
20460011
3826320
24124155
24124151
21026535
20459139
20459147
20530103
20583429
20561997
20730398
21253763
20852790
15180002
11168132
15010273
17502844
17502845
21426987
21638691
20729227
20973777
15029990
21376721
21376731
8189631
992231
992234
993220
994180
992271
60112926
16284726
925071
20459953
13977183
20798076
992065
20459005
8230-34430
11035001
17488284
VKT 8636
1650419
990495
181648
11144230
1650412
15010933
11103387
11103386
11103371
976047
11103372
958228
944364
20459904
20412359
20405728
13980042
13944686
20405822
20459193
20798827
20412325
11700348
990737
20450819
20459994
991044
1547254
13967752
20450818
11419513
20459955
20852762
20966752
15067330
15067331
15067333
15067335
15067329
15010426
15011845
15067336
15067338
15067332
15067334
11143365
11103171
15096757
17502612
11423684
3838158
22691328
11410665
15045689
17202573
12724304
17254012
11005015
11005014
968203
11034910
926254
11005017
11005019
960259
955994
13976109
976970
21586290
22325866
16688256
70369702
11428010
70377122
11428011
21866297
17442954
14562193
17204355
23261936
914470
3825133
20929906
15038313
21948268
270929
20551483
21940615
20784537
11102411
11418288
181282
11144144
11144145
21881236
20844430
20775471
22879257
20578853
11419486
11143283
11143329
20817742
22081685
21016539
20459857
20740798
24070789
21347087
20513285
21695313
20555696
3979639
1650249
1656460
21261987
17238321
20585893
1650353
15010424
20526428
975664
12738503
21006103
21881210
24426721
8131393
4770431
11143271
20787167
20553751
20547257
20538793
21515329
20781146
20852764
21054149
1546775
20700882
20857578
20709580
11419510
14506922
21610676
21293367
21900860
997790
11418078
3964817
11418133
20399041
21948261
21340612
975697
977935
17528428
11145977
11418038
11036688
17510879
1677319
15174562
3831236
11418242
16232085
11158249
21266310
1677318
17241744
12730443
17269323
22235061
20708889
17436748
22577447
21456239
17239687
17246312
17253287
20427939
23898747
24247101
17215824
17336168
17484267
17477983
17454932
21746213
17415751
24123552
24476469
11225347
20981856
21785960
24068829
24218880
3832791
21092243
20711957
8230-36940
15004855
11035554
11103402
950629
1523278
11035960
976936
21344787
1656880
11144232
11034507
11144130
14883780
11144233
11144235
11035779
11035778
975121
8131145
11144236
11144239
11030296
78686
1656393
1650334
11144237
11716738
11144238
11170232
11418577
11714734
17473321
17473319
17473320
17473323
17477984
17473326
17473322
17473325
17295864
66982
17438016
17293705
17239266
15124551
14680794
14680795
17239263
17473324
17473328
17473329
17502842
17246956
11168079
11102840
11035819
11103177
11035832
11102827
11102828
11037644
11037645
11102829
15003253
11103274
11145310
15114015
15114019
11103069
17240332
17240333
17501719
17528247
11102861
11103303
11005099
11048081
11168122
11048019
13946442
21486084
20405652
17264219
20405825
20459192
20405888
11989795
11989796
11989804
11145531
21486081
20841816
6212282
20459226
11127393
11103242
20412343
12736497
11144253
20565204
13964110
21298915
17458353
17200052
17200053
17400468
20405790
17458350
6212283
983499
17487381
11027070
11108568
11094344
11108567
11108569
11093773
11108496
11093771
11020803
11020802
11015610
11093775
11093776
11177045
11177990
11177369
11195651
11177372
11148006
11177367
14679919
70305823
20799064
11205297
21321094
20768974
84043040
15175837
54116585
21019175
17233221
20900793
21652997
184637
11997036
183688
1523666
11035994
20450750
11144149
19630
184178
SR-C6912-2NS
11000274
19629
3092047
12743047
12724306
11708881
15032816
12725151
17466489
11144486
11037031
11037030
11144487
11144415
11037661
11419059
11143287
21831660
11103425
11103422
22335631
17203642
17427021
11035763
11081070
17421171
12742743
11102187
11054692
16831764
16827991
15010225
15010224
11103471
11144234
11035999
15144849
11143293
11143294
15156391
11102409
21219818
21012985
15062030
17437279
17239952
17251354
15088068
17502366
17245228
17246273
11411950
20829077
20460095
20797400
15030889
977902
15085655
3988823
17247668
949800
17434067
17480800
17252572
11102533
11102685
11704008
11704009
11704006
11704007
16681896
21454048
977525
17418272
20464710
22275091
17418270
20451458
978710
20430367
3838617
969474
20430381
17418271
977220
20484545
20459311
24635993
11103239
21492771
11110175
11707077
11110737
3838852
15193224
15052786
17535679
15180210
17233199
15185107
20459997
85103699
11039553
11164457
11110705
11110049
16235278
22174113
11435548
12730392
17202021
15153124
11423761
15090264
20424052
17510496
12739540
9313-10625
15190412
11170170
11205856
16284724
15190478
16284725
11193183
20450736
17336824
14504652
20909227
22089218
21225479
11039220
17416725
914474
914478
914484
69510
13976937
11037596
9325-08010
914465
11144261
13914536
3150548
13947281
20505959
13949851
1543499
20412308
20575919
975110
20799733
13947622
984734
990888
21345127
977581
994873
984740
984857
955926
946441
968826
994926
977173
190714
14535304
60110301
60111880
984870
60111964
20573472
914167
994445
997953
991046
60111935
11713849
977639
991593
984865
21108676
17492860
7011996
60110398
997997
14588457
60113049
60110035
990987
992328
949387
966790
984138
994401
984762
992342
1669253
60110044
60110468
60112052
60113140
1522347
1524716
20480075
22763327
21345131
17397007
20789440
21870628
23055326
20440412
17460059
22086413
1524887
21517690
22722746
21160743
21649624
8MK 376 747-325
21634017
21302639
21634021
22899626
21285163
15193875
21634024
21880678
23296894
21961374
21451966
20428438
23637093
21296849
21296851
22065601
82421049
23126245
22416764
3150549
3979606
3090414
3098488
21887023
22401876
20533211
22222030
21957045
21376743
21288834
23413384
21504880
23871484
23871482
1096470
22241619
22583048
21447682
21207195
22157728
21845841
24424792
84218537
22243641
21504162
11383950
21504313
22384668
21943711
22629276
24149906
23757122
1522293
22031832
1523317
478344
8148729
21189159
914542
22902431
20850557
20463853
21736639
1546458
8550978
20898010
24426723
11198021
22054767
21986056
272910
8550977
21450362
20578932
1696924
1696925
3097092
21343579
20364797
3095479
3169573
21870635
24124156
8171930
3090997
3090998
21021925
20443004
1523372
20555313
21186657
272904
20479961
20884328
20872625
3199261
1088812
21451967
17418494
20569986
20571854
21789708
21944107
20519534
85104850
21140387
21924453
21321845
21102704
21102706
21171973
21430905
23409774
21789709
22343361
20785497
22161226
22343343
22335633
21328181
1521934
20488065
3801872
8171156
24476465
21102529
82485664
21839153
23386491
22142750
20393759
21376746
22795480
1696446
23198438
23518951
21415427
990757
20532272
21352841
1675066
20799996
21423788
20815558
20479636
21503575
990719
20430678
20532891
20979871
20707685
20541940
20855371
21383310
470993
21779548
1523318
22766751
1524882
3152714
1523319
8131848
20366642
21302562
21582747
1069030
24185706
21302576
21724563
21724551
20502976
3090954
20390840
20390836
20723224
20393755
471626
24426722
3161219
20792440
1075004
20571452
21129681
22938292
21259899
84168589
21829959
22336397
21845838
21350581
82356810
84135623
22647976
23883077